46 100 42 70 72 86 47 46 92 14 80 13 23 44 54 68 : 11-6, 2-7, 12-10, 8-14, 15-7, 2-12
51 63 72 46 86 94 92 93 75 100 50 67 75 22 60 99 67 8 31 61 : 10-5, 4-0, 1-3, 18-14, 16-11, 2-3, 19-3
94 85 5 64 26 81 96 95 59 68 8 57 51 81 : 12-2, 8-12, 6-6, 7-2
19 86 12 38 71 98 78 62 80 14 14 4 58 8 : 12-0, 5-4, 0-13, 1-5, 11-2, 8-6, 1-11
25 45 26 29 48 18 32 78 76 92 67 30 22 37 91 2 9 32 : 3-13, 5-10, 13-16, 13-5, 11-1, 11-9, 14-16, 5-11
38 88 65 86 89 37 20 24 89 37 69 65 71 38 17 2 6 91 99 : 6-18
67 61 66 87 39 57 100 86 63 2 43 84 9 : 1-1, 7-3, 4-5, 5-3, 9-1, 12-7, 8-2
54 28 5 70 1 77 61 32 15 27 46 98 94 : 10-10, 6-7, 11-11, 3-5
10 49 25 32 56 18 22 6 83 79 23 : 9-2, 9-0
11 4 2 36 3 62 93 71 95 61 83 81 17 : 4-11, 0-5
97 48 42 21 20 33 84 60 88 15 3 72 66 53 68 92 62 36 38 : 6-14, 14-14, 6-4, 17-5, 1-16, 9-3, 16-18, 4-14, 2-5
93 38 44 84 6 44 58 13 22 29 80 89 65 24 : 13-2, 0-6, 8-3, 3-11, 7-1, 3-3, 9-4
93 15 21 61 34 92 32 40 38 39 3 : 0-0, 6-3, 0-5, 8-4, 2-2
59 4 67 24 34 19 38 32 29 32 34 : 3-9, 5-4, 10-6, 3-2, 7-0, 4-8
79 81 47 98 57 25 83 67 64 75 32 25 43 70 69 : 1-9, 4-0, 11-0, 4-12, 12-13
98 53 78 93 70 66 83 78 59 13 34 23 93 1 35 57 : 2-11, 4-0, 15-4, 8-7
28 35 90 66 98 17 88 29 60 49 20 76 26 74 4 42 3 45 70 : 1-9, 18-18
99 7 30 5 38 29 88 94 61 76 70 87 47 : 8-4, 11-1, 6-8, 5-3, 12-5
45 46 39 41 98 15 65 91 40 17 3 70 97 65 : 4-11
3 6 83 32 72 58 29 30 55 41 41 : 3-10, 8-3, 1-2
68 73 33 91 25 90 44 43 4 84 64 53 98 49 86 45 63 : 5-2, 15-14, 11-4
18 32 35 15 89 53 95 47 37 65 48 24 53 63 26 75 34 : 13-13, 9-16, 4-12, 4-4, 11-16, 9-2, 11-1
100 30 56 62 32 76 41 45 62 85 75 59 16 57 46 78 54 67 1 : 8-7, 5-14, 0-17, 7-5, 2-18, 16-15, 15-1, 15-11
11 61 81 50 96 94 43 50 16 81 56 51 24 72 57 55 : 12-2, 9-2, 0-4, 1-7, 1-9, 2-11, 14-14, 12-4
47 93 97 14 68 71 14 32 79 27 87 71 64 : 3-8, 7-2, 8-6, 12-6, 4-12, 4-5, 3-8
93 93 10 94 55 86 79 96 5 40 3 66 : 6-9, 0-4
68 9 13 28 87 96 21 53 26 52 92 100 51 85 72 47 28 : 12-8, 4-16, 8-16, 12-0, 13-4, 7-0, 9-3, 5-9, 5-7
71 94 8 80 77 36 30 81 50 85 37 : 1-0, 7-2
71 50 87 97 68 36 84 72 12 16 22 92 45 68 71 39 : 10-6, 13-14, 2-2, 3-1, 3-9, 5-6, 1-7, 13-10, 15-14
73 8 47 89 20 40 92 8 61 15 68 59 58 93 2 23 17 26 54 20 : 5-2, 4-4, 6-8, 1-10
42 85 85 34 54 60 12 49 39 30 7 85 32 29 65 73 29 25 : 14-3, 6-16
12 60 65 88 18 69 100 99 41 92 79 24 7 55 39 : 9-6, 10-5, 6-10, 4-12, 8-6
67 30 74 52 88 93 32 41 13 44 77 70 : 4-3, 0-6, 9-7
8 56 20 78 90 45 93 19 83 65 86 84 52 48 84 71 30 40 50 19 : 13-6, 11-2, 14-0, 10-2, 19-11, 18-17, 0-12, 1-2, 0-10, 18-1, 3-4
80 77 31 74 16 39 51 87 36 85 25 74 12 48 42 92 : 14-2, 11-6, 9-13
69 36 53 51 54 58 76 46 3 94 7 3 : 3-11, 2-3, 11-3, 6-0, 1-5, 11-5, 6-5
37 35 22 81 55 16 92 81 99 92 24 80 55 22 : 6-5, 13-12, 0-10, 11-8, 9-0, 8-5, 8-0
39 86 93 100 16 31 32 80 22 17 32 : 3-5
45 3 11 69 32 30 75 51 3 23 95 11 96 88 58 99 72 78 85 : 11-16, 5-16, 1-3, 13-0, 13-3
42 31 31 17 19 100 35 94 45 87 63 76 : 2-11, 6-5, 5-4, 7-5, 4-10
63 4 75 69 83 88 81 96 100 51 70 45 : 2-0, 8-2, 10-5, 3-10
36 2 35 10 77 76 57 55 59 45 100 1 68 : 1-9, 3-9, 7-12, 0-3, 4-10, 9-1
19 90 45 76 35 47 74 100 13 52 51 67 87 17 48 92 63 : 10-5, 9-9, 4-15
58 34 22 2 83 16 28 87 83 66 7 52 93 29 10 : 5-14, 0-6, 4-14, 9-7, 0-8
64 21 42 60 22 8 85 23 67 47 19 10 79 87 59 79 2 : 11-13
56 87 63 34 15 71 35 83 33 37 62 29 55 85 19 7 : 7-15, 3-4, 5-9, 2-15, 9-1, 6-6, 7-3, 11-8
71 13 1 94 87 73 65 84 10 74 46 54 87 43 62 : 13-11, 9-14, 13-4, 11-1, 6-9, 1-13
94 18 98 100 7 43 13 40 34 52 86 99 18 : 5-8, 0-7, 4-0, 4-7, 3-5
34 56 47 8 34 27 6 9 48 100 29 66 : 1-5, 8-1
56 8 44 97 50 22 40 76 23 66 4 93 72 29 7 : 10-14, 3-4, 0-9, 11-10, 1-9, 6-6, 2-1
84 50 99 41 24 10 31 15 95 29 : 4-4, 4-3, 0-4
98 53 83 89 73 32 72 63 52 6 15 97 75 11 12 : 0-8, 0-9, 14-10
80 68 6 44 48 32 35 99 69 84 35 31 77 52 69 69 : 3-12, 8-12, 6-15
57 71 41 5 100 87 76 15 93 62 53 : 4-2, 1-6
44 10 79 76 35 58 24 94 52 44 82 13 53 96 45 33 22 76 52 99 : 6-2, 5-19, 6-15, 6-3, 5-15, 16-0, 19-10, 6-17
49 69 41 28 36 82 58 14 54 42 88 33 92 37 54 29 4 : 6-3, 16-4, 7-12, 11-4, 1-3, 6-11, 13-3, 7-0
12 63 14 1 69 5 5 3 21 30 10 42 61 78 30 28 74 : 12-16, 2-9, 9-4, 3-7, 4-0, 5-10, 13-5, 13-11, 10-1
1 60 100 65 90 63 74 20 60 99 19 9 18 43 51 9 20 : 8-1, 15-5, 4-15, 11-7, 8-8, 2-16, 10-14, 11-11, 4-11
57 64 92 14 67 59 22 47 54 30 20 : 1-0, 9-8, 2-0, 2-6
15 22 6 35 66 60 49 84 27 8 30 75 50 64 32 22 54 28 : 16-3
18 43 9 95 70 89 35 47 9 72 58 30 58 20 39 57 : 0-10, 1-3, 12-8, 12-14, 3-4, 12-9
63 12 14 44 19 87 9 8 98 15 38 69 64 47 69 : 7-9, 8-1, 5-7, 0-4, 1-14, 6-7, 8-14, 10-0
50 37 80 8 33 98 54 87 78 27 100 72 79 20 71 20 3 33 : 1-8, 11-1
71 82 53 55 33 63 87 50 3 85 23 8 95 23 49 68 91 : 7-2, 6-11, 9-12, 5-9, 2-7, 1-12, 13-11, 9-13
22 92 4 33 67 69 42 42 65 10 42 : 6-8, 3-1, 1-4, 9-3
21 49 68 19 86 77 24 52 85 100 69 : 10-5, 1-9, 8-6, 10-0, 3-3, 3-10
1 45 77 13 40 11 34 71 80 18 10 55 45 68 14 38 : 7-1, 10-2, 7-14, 11-13, 2-13, 0-11, 13-14, 2-7, 11-4
47 68 54 18 81 73 29 98 42 98 83 52 74 73 99 86 : 3-7, 13-4, 13-5, 14-5, 14-1, 9-3, 13-2
70 93 30 67 16 32 8 100 87 52 23 70 2 42 51 17 : 3-1, 4-4, 10-0
41 18 9 63 69 10 67 1 64 41 4 : 6-6, 8-0
12 7 98 17 6 47 10 67 72 24 28 40 21 71 77 84 69 65 91 14 : 3-14, 11-4, 8-0, 4-16, 14-7
10 37 96 49 26 91 58 15 85 56 97 2 5 3 22 : 3-8
89 16 45 100 95 38 31 41 21 12 : 3-2, 8-2, 6-6, 6-3, 4-6, 0-3
78 32 30 11 6 21 84 59 56 32 : 7-5, 0-2, 5-3
11 32 26 87 78 99 33 46 88 48 70 4 77 44 79 86 : 0-3, 10-8, 7-3, 12-6, 12-9, 2-13, 8-15, 5-11, 3-7
71 87 75 58 95 78 87 71 65 44 94 : 8-5, 3-6, 9-1
64 61 26 9 45 55 56 29 66 98 : 0-8, 3-7, 3-1, 8-9
39 31 96 50 9 85 44 12 68 51 46 : 2-1, 2-5, 2-9, 6-9, 1-10
100 65 73 39 43 24 37 43 8 23 37 98 18 : 3-11, 9-2, 0-4, 11-1, 12-4, 11-4
75 27 83 32 91 49 26 13 1 35 87 99 24 43 15 57 85 : 14-14, 2-14
30 43 97 5 73 95 39 4 21 98 24 88 93 : 9-10, 6-2, 10-5
21 84 67 62 23 60 45 95 31 55 91 63 18 : 5-3, 2-2, 7-5, 2-8
38 87 65 71 78 98 56 8 22 27 41 48 66 2 38 76 98 35 9 : 8-17, 4-3, 15-5, 10-5
8 8 78 75 22 44 51 74 81 30 47 19 33 46 44 64 2 12 : 14-1
30 66 48 25 67 65 43 22 90 5 29 6 21 47 18 35 24 37 : 10-15, 14-0, 14-12, 10-0, 17-5, 11-12
61 47 47 52 72 65 22 70 33 43 : 1-6, 1-6, 9-2, 0-1, 6-4, 6-6
94 56 88 64 35 50 78 95 71 30 53 57 93 : 2-7
100 87 19 60 95 47 12 70 76 74 43 73 89 40 12 49 50 33 86 : 5-12, 15-17, 7-8, 10-14, 0-11, 8-7, 11-7, 13-11, 2-0
55 86 58 5 14 43 75 17 40 86 38 47 7 81 55 13 56 52 : 6-10, 13-16
93 55 42 63 41 29 98 17 18 55 38 30 : 5-6, 11-10, 1-6, 4-3, 3-0, 9-9
41 95 94 96 80 44 61 32 56 52 13 83 100 25 8 97 74 47 37 89 : 2-19, 7-0
83 58 16 40 81 83 54 66 21 95 36 2 15 : 11-9
39 5 16 21 23 37 15 83 20 42 35 27 23 : 8-6, 4-6, 12-3, 10-3, 11-5
5 61 24 33 52 65 37 2 63 60 : 3-9, 4-5, 2-0
96 31 45 22 85 73 42 37 60 76 : 9-3
96 43 22 2 86 85 72 36 9 64 2 4 50 30 23 : 9-11, 7-0, 9-6, 0-9, 12-4, 5-3
47 33 72 39 94 51 96 21 21 12 63 38 26 89 9 40 : 8-4, 11-2, 12-8, 11-14, 0-2, 0-5, 1-8, 14-15
22 69 39 59 64 43 32 44 85 80 25 17 14 94 98 22 51 40 81 23 : 9-19
61 25 20 25 64 94 60 29 58 17 26 40 71 72 43 : 0-8, 10-13, 14-10
85 85 71 99 24 92 20 24 93 53 67 18 87 77 : 3-4, 8-2, 9-1, 5-4, 11-0, 5-12