10,11,11,11,11,11,12,13,14,15,16,17,17,18,19
10,11,11,12,13,14,14,15,16,17,18,19
13,13,14,14,15,15,15,16,17,17,18
15,16,16,17,18,19,19,20,21,22,23
14,15,16,17,18,18,19
14,15,16,17,18,19,19,20,20,21,21,22,23
12,12,13,14,14,15,15,15,16,16,17
13,14,14,15,16,17,18,18,18,19,20,21
1,2,3,4
2,3,4,5,5
12,13,13,14,15,16,16,16
1,1,1,2,2,3,3,4,4
13,14,15,16,17,18,19,20,21
14,15,16,17,18,19,19,19,20,21,22
15,16,17,17,18,19,19,19,20,21,22,22,23,23
14,15,15,15,16,17,17,17,17,18
2,2,2,2,2
6,6,7,7,8,8,9,10,11,12,13
5,6,7,8,9,10,11,12,13,14
9,10,11,11,11,12,13,14,14,15,16